%YAML:1.0
cameraMatrix: !!opencv-matrix
   rows: 3
   cols: 3
   dt: d
   data: [ 6.6563446703258410e+02, 0., 3.3444914205196864e+02, 0.,
       6.5923909546669324e+02, 1.9482001623431520e+02, 0., 0., 1. ]
imageSize_width: 640
imageSize_height: 480
sensorSize_width: 0
sensorSize_height: 0
distCoeffs: !!opencv-matrix
   rows: 5
   cols: 1
   dt: d
   data: [ -7.9126870871913377e-02, 6.1045271286841651e-01,
       -1.6386186818406392e-02, 3.2606573909516605e-03,
       -9.1794645362226412e-01 ]
reprojectionError: 8.3786642551422119e-01
features:
   - [ [ 2.66851959e+02, 2.25935165e+02, 2.88474030e+02, 2.12681091e+02,
       3.09609680e+02, 1.99941147e+02, 3.30214264e+02, 1.87441360e+02,
       3.50467651e+02, 1.75120148e+02, 3.70121765e+02, 1.63213501e+02,
       3.89832336e+02, 1.50782532e+02, 2.81713623e+02, 2.47267807e+02,
       3.03427216e+02, 2.33721695e+02, 3.24392120e+02, 2.20634903e+02,
       3.44843689e+02, 2.08108688e+02, 3.65062927e+02, 1.95404541e+02,
       3.84581329e+02, 1.83157898e+02, 4.04100067e+02, 1.70801743e+02,
       2.96672882e+02, 2.68828644e+02, 3.18339935e+02, 2.54789444e+02,
       3.39414368e+02, 2.41358978e+02, 3.59637787e+02, 2.28432877e+02,
       3.79676056e+02, 2.15633331e+02, 3.99153015e+02, 2.03042114e+02,
       4.18253082e+02, 1.90671631e+02, 3.11346344e+02, 2.90781769e+02,
       3.33159271e+02, 2.76394409e+02, 3.54330963e+02, 2.62347870e+02,
       3.74623901e+02, 2.48859543e+02, 3.94490509e+02, 2.35684174e+02,
       4.13679230e+02, 2.23089737e+02, 4.32832092e+02, 2.10460220e+02,
       3.26221588e+02, 3.12951355e+02, 3.47772522e+02, 2.98329559e+02,
       3.68974670e+02, 2.83912231e+02, 3.89321808e+02, 2.70140228e+02,
       4.09207520e+02, 2.56574188e+02, 4.28424561e+02, 2.43512238e+02,
       4.47302155e+02, 2.29755539e+02, 3.41030914e+02, 3.35141205e+02,
       3.62690277e+02, 3.20194611e+02, 3.83667877e+02, 3.05578186e+02,
       4.04188080e+02, 2.91309723e+02, 4.23848175e+02, 2.77480011e+02,
       4.43197205e+02, 2.63851349e+02, 4.62327423e+02, 2.50753967e+02,
       3.55925781e+02, 3.57387909e+02, 3.77478271e+02, 3.42062195e+02,
       3.98486786e+02, 3.27245361e+02, 4.18750000e+02, 3.12707184e+02,
       4.38500854e+02, 2.98498138e+02, 4.57648560e+02, 2.84723969e+02,
       4.77000305e+02, 2.70957062e+02, 3.71061249e+02, 3.79611298e+02,
       3.92487396e+02, 3.64199036e+02, 4.13375397e+02, 3.49023773e+02,
       4.33491364e+02, 3.34298615e+02, 4.53056427e+02, 3.19762085e+02,
       4.72543549e+02, 3.05538849e+02, 4.92066711e+02, 2.91338745e+02,
       3.86510864e+02, 4.02197693e+02, 4.07713013e+02, 3.86416229e+02,
       4.28359772e+02, 3.70976898e+02, 4.48301788e+02, 3.55875061e+02,
       4.68129791e+02, 3.41104431e+02, 4.87660126e+02, 3.26519653e+02,
       5.07495636e+02, 3.11853210e+02, 4.01842926e+02, 4.24809570e+02,
       4.22921204e+02, 4.08709930e+02, 4.43381165e+02, 3.93010284e+02,
       4.63405609e+02, 3.77699707e+02, 4.83273346e+02, 3.62510803e+02,
       5.03119598e+02, 3.47597046e+02, 5.23197998e+02, 3.32707062e+02 ] ]
   - [ [ 2.66639526e+02, 2.25791733e+02, 2.88277069e+02, 2.12487305e+02,
       3.09457275e+02, 1.99713882e+02, 3.30048798e+02, 1.87291275e+02,
       3.50266418e+02, 1.74847733e+02, 3.69890991e+02, 1.63053009e+02,
       3.89718781e+02, 1.50628998e+02, 2.81446594e+02, 2.47182587e+02,
       3.03187927e+02, 2.33621735e+02, 3.24174255e+02, 2.20513657e+02,
       3.44572388e+02, 2.07896576e+02, 3.64751434e+02, 1.95273438e+02,
       3.84353424e+02, 1.83046951e+02, 4.03804962e+02, 1.70678345e+02,
       2.96277863e+02, 2.68815765e+02, 3.17906464e+02, 2.54774490e+02,
       3.39084229e+02, 2.41331528e+02, 3.59336853e+02, 2.28373032e+02,
       3.79303711e+02, 2.15577271e+02, 3.98785950e+02, 2.02978043e+02,
       4.17923187e+02, 1.90604996e+02, 3.10889252e+02, 2.90834412e+02,
       3.32656494e+02, 2.76482941e+02, 3.53753845e+02, 2.62395020e+02,
       3.74280426e+02, 2.48851852e+02, 3.94042877e+02, 2.35672256e+02,
       4.13347717e+02, 2.23016953e+02, 4.32418213e+02, 2.10444717e+02,
       3.25587616e+02, 3.13090240e+02, 3.47327087e+02, 2.98354492e+02,
       3.68448944e+02, 2.84007599e+02, 3.88745697e+02, 2.70199890e+02,
       4.08645203e+02, 2.56612732e+02, 4.27863831e+02, 2.43534470e+02,
       4.46832794e+02, 2.29888504e+02, 3.40389374e+02, 3.35195648e+02,
       3.62100403e+02, 3.20217590e+02, 3.83118866e+02, 3.05606720e+02,
       4.03487854e+02, 2.91369049e+02, 4.23268616e+02, 2.77510529e+02,
       4.42591858e+02, 2.63958649e+02, 4.61730011e+02, 2.50788422e+02,
       3.55323761e+02, 3.57374329e+02, 3.76822479e+02, 3.42129120e+02,
       3.97694794e+02, 3.27321106e+02, 4.18039429e+02, 3.12722015e+02,
       4.37794312e+02, 2.98532013e+02, 4.56925598e+02, 2.84757385e+02,
       4.76320740e+02, 2.70971558e+02, 3.70369568e+02, 3.79629425e+02,
       3.91798248e+02, 3.64191925e+02, 4.12547607e+02, 3.48998535e+02,
       4.32587372e+02, 3.34327271e+02, 4.52293762e+02, 3.19840576e+02,
       4.71743500e+02, 3.05584229e+02, 4.91311401e+02, 2.91387268e+02,
       3.85677307e+02, 4.02164490e+02, 4.06916260e+02, 3.86323059e+02,
       4.27468140e+02, 3.70974182e+02, 4.47454498e+02, 3.55924866e+02,
       4.67290009e+02, 3.41037445e+02, 4.86815979e+02, 3.26505219e+02,
       5.06765533e+02, 3.11920135e+02, 4.01021515e+02, 4.24729218e+02,
       4.22171906e+02, 4.08617004e+02, 4.42535431e+02, 3.93026367e+02,
       4.62524597e+02, 3.77616943e+02, 4.82384705e+02, 3.62495453e+02,
       5.02299408e+02, 3.47577789e+02, 5.22340027e+02, 3.32699493e+02 ] ]
   - [ [ 2.63909760e+02, 2.25458450e+02, 2.82922974e+02, 2.12161041e+02,
       3.01630066e+02, 1.99254990e+02, 3.19912689e+02, 1.86630829e+02,
       3.37996033e+02, 1.74155167e+02, 3.55492889e+02, 1.62347488e+02,
       3.72682770e+02, 1.51116714e+02, 2.78148926e+02, 2.43268021e+02,
       2.97346619e+02, 2.29566925e+02, 3.16160309e+02, 2.16330551e+02,
       3.34491638e+02, 2.03273346e+02, 3.52446716e+02, 1.90564789e+02,
       3.70208527e+02, 1.78402222e+02, 3.87136963e+02, 1.67117996e+02,
       2.92648621e+02, 2.61287872e+02, 3.11805634e+02, 2.47082855e+02,
       3.30737000e+02, 2.33368240e+02, 3.49147125e+02, 2.20077972e+02,
       3.67216614e+02, 2.07382767e+02, 3.84117767e+02, 1.95840775e+02,
       4.00773407e+02, 1.84721085e+02, 3.07282715e+02, 2.79584717e+02,
       3.26589325e+02, 2.64999664e+02, 3.45431305e+02, 2.50973740e+02,
       3.63890228e+02, 2.37505600e+02, 3.81436707e+02, 2.25179642e+02,
       3.98202820e+02, 2.13559616e+02, 4.14348328e+02, 2.02437347e+02,
       3.22290283e+02, 2.98100861e+02, 3.41593811e+02, 2.83328186e+02,
       3.60575989e+02, 2.68926422e+02, 3.78442108e+02, 2.56047821e+02,
       3.95683380e+02, 2.43670242e+02, 4.12439911e+02, 2.31664627e+02,
       4.28802094e+02, 2.19676071e+02, 3.37473083e+02, 3.16987152e+02,
       3.56852234e+02, 3.01761322e+02, 3.75590485e+02, 2.87586517e+02,
       3.93349915e+02, 2.74442963e+02, 4.10573212e+02, 2.61661896e+02,
       4.27378784e+02, 2.49012680e+02, 4.43916290e+02, 2.36547852e+02,
       3.52766296e+02, 3.35853790e+02, 3.72211884e+02, 3.20800781e+02,
       3.90856171e+02, 3.06447266e+02, 4.08595673e+02, 2.92692352e+02,
       4.25762115e+02, 2.79549255e+02, 4.42637177e+02, 2.66518707e+02,
       4.59404114e+02, 2.53271332e+02, 3.68568970e+02, 3.55370331e+02,
       3.87668976e+02, 3.40233948e+02, 4.06302643e+02, 3.25465210e+02,
       4.24042999e+02, 3.11420715e+02, 4.41255707e+02, 2.97782990e+02,
       4.58301636e+02, 2.83973450e+02, 4.75446808e+02, 2.69975708e+02,
       3.84600739e+02, 3.75102051e+02, 4.03581512e+02, 3.59675934e+02,
       4.21928040e+02, 3.44787872e+02, 4.39654633e+02, 3.30342743e+02,
       4.57304443e+02, 3.15811462e+02, 4.74580719e+02, 3.01529968e+02,
       4.92082947e+02, 2.86613953e+02, 4.00761841e+02, 3.95256531e+02,
       4.19842285e+02, 3.79459351e+02, 4.38177063e+02, 3.64148041e+02,
       4.56129944e+02, 3.49018524e+02, 4.73754578e+02, 3.34021729e+02,
